38111854929444257,50972537420399526
88916463586106705,18277030842250397
91492924850430426,79683026552459347
59309547493360924,94105783905322270
59052559979406012,40087505474432901
72338071712290638,75624077612640436
75496186168233055,30333410449102804
59976066688423423,54508030645208322
21536918577874998,69836667280486171
54177185786075602,12688574007149553
51443751669525009,57980881576954610
72855666660925247,65042740874460742
94237670377215203,84655048592915235
30490290418506660,24584405219561849
55893353183229420,88291272312930838
87821158054864447,20414665294134357
63859907874714742,92350002661936418
79890776325973241,59964329442725613
91501267726362729,25294460786766793
53048586465261583,94717778467213691
60204759033442132,24485911227078275
50961286608522673,97149289075347859
95986517248071180,36478383848216351
46743498755818627,59399811143817787
53364790611131425,82398757960674268
60742265414409636,62794989456492106
11970389085413762,76315249130505802
16887070765759958,87016316068233576
37022965413408660,59323799957009575
52970478353139936,82264668955557037
51758964203865508,26768173628118601
35206543023291779,47391422989685216
21977942751304822,72241967140710908
11582593287979559,47385264238187737
41256113283291120,94296468139086989
12788867299546733,28540975630206276
43631842303029732,52387400551121771
15532579984613681,49411489243021875
18074159822048138,34390215054269258
84840320698409682,33926474232815771
88937464677741463,42656947125922920
80492378622886447,78103497018915322
93284823420946983,63599872098300546
31868120735527399,89080996841605098
58128836014256231,25137033506657368
18729676798183333,21076551794170554
16310341316848511,54073528022511204
44450664800088115,39414408484377276
15507109980237137,15367998642571585
66018460695220364,81344777641110621
53956177134941750,81707001907574813
47101343864852926,47570076374163653
50445201800618324,25434103207963260
76859394742593096,74477253611986512
42264597581897309,49892143553031084
32346100562042984,29527933543616145
33811468329200270,93071744984473455
45800079827729128,28819899610032359
59859038601321121,58497643008825726
94704199754299795,78964234562598052
28742598702550286,98161751882986596
37606708289174713,56061341901130616
98798393704597085,39829328628095882
45809700934146634,28869895108798392
28523890606580554,96909089059526972
57846182792284993,37270205511553965
13416413600861451,69216698829776926
67514395161305530,54086297771448190
67815833211515353,65391965744065362
40314480446360301,32782014289044997
54173064384165684,95007823329785912
60803527274856864,97394680085931740
11815856009378642,97595381900209180
64375850809767531,88922669284355556
27832983827493926,91235545732137256
31570575200626732,28492057274633377
36002085250841991,33051108106783985
77305628362393765,12215057020431535
94345822608681129,20244415140880217
98741912171699239,73211985657758956
22625640172948966,77965762189014544
29308955409563939,39351302298955366
72844450484676545,47198032490583334
37073546883005041,44889223484594221
87639339964159619,94386672950318774
99398997415201451,23052455775828967
81149554850965221,27461036902727426
22957351470193637,95126602365007745
56298216040588163,27325200903388026
96316807532730993,22761320140887921
34492704785346251,96705851897822539
53254554297897230,40839653102912018
18617033939858069,66728638180188349
32178927022884700,88591087988504605
91221299201658378,57908916897284616
73301905695967417,69031261597326993
64953941220209652,92665134048952088
65558356364277692,34047112422824183
96046194536431333,89212305411363915
34803439588896244,90916603602073514
56352457844101262,92419267721158330
28754400381740724,69029927742502467
78462694362063262,74926878746498170
53699792638761576,60935575183441187
19784752133079369,90454081985686048
17840174214146333,40879218034991720
54631207081686981,99809846254882476
36452017353051106,66597356521444360
57518848769444277,22683173962953817
22232744465923128,76474016834803558
52516206490921588,18655789969175725
42476347945309258,28607156239085972
60980471107636735,38120537207867552
61584424447751184,17012757951286846
20084245767299738,83074848721652501
61541882504373047,20549589990830952
52194174813055125,77757596079065194
99360241464825987,12135876056785163
29357283900298648,58165554727719980
79347175376130415,13258151789483923
78103807448375151,83802596888628626
55334061970886205,33231140622846497
18179053921201030,61029608344340192
26621092309265514,20760130635796227
83806276201739952,70124427862221477
27615858019578661,83623508753020662
12063989144886242,20823306072574886
74367300350910683,28365149652835398
60835268783447306,71919562304076958
76020817156919842,12866470248126420
37463080804109500,86598406307385229
92674943168537223,96649852931599623
56440131452497910,99608766120889100
58589156098324361,61155470304820498
58851139445129558,64227357752099975
98093212475872051,97022426588148926
96337891526608966,44587843383149278
87126742018574255,14981694802779296
74825251536222174,94588710211015757
77714907156306601,50694541380906226
19907136459387812,63800751099375101
53927933420536885,72590851106059651
90724893231218938,34485035429506050
22603762481963144,43542008539408288
35186843406939417,88008408179768290
43946324561583322,54156579442153531
19390821677328713,55283023970062544
72712271915303855,80296556203366372
12963912892092348,73046450954186366
72812498737166661,59346553822190451
54536704008349180,73798412747354175
89753536609942859,99858170185078042
16127874462578360,16303262465031703
42528803308534479,24090277862932196
36594036405386356,76925742704756996
95441698786546021,56015273039155240
47729901088120890,57274393735917487
94437334857730840,89608745636775591
71512774539006686,29543621765023608
18250980086686366,75397229339447647
62330608005896054,40085167808874361
58863509376382272,52194330502786329
73431675923181813,37733232495255970
81216440409806588,43820037861117006
69919231009369382,78941579148192421
61238141410927881,23195225262135512
23361980439411081,25358839721596897
27074676103534863,83582191750374714
18846567953494559,45218781183787411
19982765529169131,10715531418560285
73672825532198660,44534941186826276
25345257661804920,99214828882784429
92017172763451386,34305152900175701
25762890358108362,86631206572974804
59594553334382908,17791989356763178
38829139106822291,69338042753017041
92866117376488247,70416742907247860
46433876874234884,62524081800436991
18927854398030333,16467119089999705
78260419269470782,48995070153858934
92861622946094803,85667782982108411
41405378394436128,74783088019506743
57130397241337210,73239523850657395
75629218847664094,60385693282112314
38329308667773387,57547252378821197
50174961933283144,44081494345057854
71579934803810075,98475238181872200
76998626135679252,21034820799907904
53687460030634985,77366976744259247
41727252568256322,93211407160642448
70814646653763241,35467204390071945
45672776297203917,55151055552054480
97763361297993998,62026333152768027
37201995271745231,91240725260841848
22135821940525657,47482703995489942
62463602787051866,53902958593119302
16686722442567473,91362409001008352
90744652286605416,78406129230788184
41371675386847531,17489088453673333
23773662802918430,43457049994061307
65236151844021769,79481993451326947
71079007630534688,87264960970853993
93128290407469009,66538124543715557
65309556063443830,60338415359231232
34253968062386061,98034821377935542
81086053177094677,29525579652005236
31887137716566050,45582175084541620
57568500518300621,33867793798614813
37389853976311430,31027344287013593
18743255423025232,40899917446094687
33856120430040403,28190392481715546
16838855323158220,88079058878776994
85102707613576830,19320454945443184
28558359052847336,39793263074244934
68866727893641420,99476093237188868
96334248328681517,80089694532682902
59594416021062458,57777224718559735
21420546752334357,34054031503115401
61272543716048110,65107362222644733
16110289130886239,69801145188570216
62594587106582647,35312751869156246
23655247295563346,50047830891941685
86695765411577512,83065448843096606
89803169338248751,85246838575633348
48611058381196479,56843249902290358
49750025636073651,16806077376569165
42824583315515973,81818335128732598
54842200561384858,71801675005689175
45641673374296095,80845137493122207
28003166954179342,42330596903300445
78767976685620555,53527448003095622
84096916323748761,65542470572216169
89797841889414495,80479188520468825
30891963796187403,76381009187959800
45937953387568937,25153738320906116
67224474579791924,30733680679402238
38706266398791137,37485012036622959
87411459479169944,62523258896873554
27115503919843914,52454437301179017
14718305357462602,10355387461686567
66217955035873477,58610232177221991
52030583938784019,91985632145318324
53315222260919927,53865154078046785
99889516003037330,92141782219596125
42738009200892418,68015425318782720
34595772981559772,76280275056381079
65854637184345634,68519750905356220
39967057520873143,84563616763130489
35025520139116880,33082737968476741
25521694905170683,29120864229384851
72264466734143939,34849627850469327
75513252061716667,25196330294993600
84788588326937456,77275839463950533
96058550175686612,78401756522377728
70213574996610423,98910107168691219
16884797353933733,95565325603879400
35328329580872752,38734048441845442
15866706088018207,31409156223185886
34689883719622832,69832357382827397
25326536035855536,30277973603116498
80262976525469315,30920695274426118
36366826750445127,11557285939764326
55847792836645718,24782523800225009
17721828860457855,45578743844373996
33957949257421034,50847693171822918
18222994318433885,19640429919336650
99060702060555642,34174854228547741
38740477483692165,89513142248375492
55353155507351220,84079694167634678
99316611546906052,92060432028766146
60812902972330309,91117596413031146
75822333643507489,45114334359070875
32519005322393714,32915432756988807
19461625517452497,60368509231453963
58247028196885979,43139311595077844
51617624559384537,92762563070557480
40480144145287344,63891067823601941
55475499134775551,15062158200233112
14349798287273527,70096980925887630
16713342947432566,26915596763493250
67995436524136813,38470689548640506
81934174992743648,25307223739861230
89260794607349934,91015708864538269
15011558427999821,35568815415117853
27752651270132223,96462773688463011
86674486986404951,11522436795970399
66653405508640538,14405326629733460
26514515019298158,15887719627265504
85475137883901563,52467480587143775
95182794551089078,79357708537071276
46578635304870241,77271875463696529
73567266938313611,29393840831721050
15405375962174639,54075630629926764
48849806161876438,24077819770227872
24723857580452709,61040305322884944
68945455884061589,61149138524834443
65916244273816959,29012175451247853
25529561148764953,40955864669309218
74355629792964280,50164219015561772
27115631683834395,97731891306227132
90558603452409460,17007307903487788
12281124144169243,10084816268462672
50821282194741784,73023107205156560
48751088063857596,41066302931032565
62654692738017880,36502130970429414
47397997899145667,82162103087898570
65158559285441114,14520490231494221
48065246807204774,71755301427964711
32642802302604975,62387289273982750
70059501019954445,93973032034894453
80161023197927970,64515420854044712
52830745990125106,69248792565151698
40202159009353990,56572509010117620
18209348089469033,40915120719269446
30408092877782925,48585519754645318
16765986964982995,96721880072538218
37669935694820817,46141696132394686
49568047818576036,63992191803059932
85899557726633905,12539935932588190
81373946346126953,70280836478907737
14721304922994759,37104463174227569
63074207259516964,24505546210042586
94450785238349517,81122992830556709
27491893811710007,79107886665917232
39708665760066397,66870549979123917
97251159107086313,42218123445556833
82019752314871806,62548734051026777
48300037685793865,77935209650583789
30769529436278211,81614008628276189
20375971607245945,50935138339107325
94328188295987187,15114053944767459
58730367561615531,23704956290134077
10738934305245261,53872023956721670
36592325142603954,81234287813663620
89978755137170076,29616990622363892
39009277934355922,14454012037577900
26927598480210032,42430037134712311
23029737899874099,53415087709673858
64088562954664128,75125579862133950
70221549975853244,80863243667923113
20214737477936418,55558253107714913
38058730150654930,44315779679264363
15587429945521265,74947725905424692
86638889546500319,17603397197755789
36117189013677368,38296547248484536
96405514644918608,58989237033520943
77756366363619538,36182972638544725
48481455601403117,26162471982198203
15739696236271946,49726313465117393
59046132257097614,90045033316362741
61862867212366982,81287863206153836
50107367480498528,15475056407184094
20549256143724824,70336688692912655
12275630949364270,60878329739031988
52705012101725254,32150378050972982
73808010756733446,89578930575266082
78965098991072713,62751891450856682
35756972638837445,38948949675517555
18879054856434688,77764128921480897
95388281169281160,34883393073484649
33397951364870980,51155445073418820
83520429828816833,51487423221995595
55792043432462469,34759830868895176
40506368710454512,42324004833037868
48786893214599611,58008886041399611
38918201959048248,14590736022169857
41650336756911530,19979492014390463
56183686913043015,83651858101064427
85428117877408207,43036154973764315
59517705650564093,42612974102390631
33831354451625707,43751631738283268
26347440846753351,41539534670977436
98341356394557945,62146103080343414
14556240214481159,46855563063117520
95824941230898517,34637831466200547
67833404118412973,42615730413135697
22691714306695730,28871036269457423
64972010946628018,73132483479589217
63159118026481853,60707016478644434
89369451878359701,42008455796957765
42738018531975345,99962912097754059
69508572561821111,29574718008414343
52571907074051430,24937806111065497
75755751837840492,37769227721124155
24704245636847780,30498617862868244
82127777492907685,23896425878161259
85216900318854483,85536753771139128
49030219731117139,48375960208981832
85317206988557313,76303240634277631
14499023316251636,58828428137270551
55607202113441312,13247187224596967
31319837197425852,90863921205820809
15527159213982031,87722666915030869
63229240135696370,18793720528511664
53102813884588012,60274878646632950
43514888195534785,58568798403476608
81269758388430014,39209796642248782
47182939783811332,98533929932359378
44489462262252457,71004562559278953
59182784179989617,98477901194074194
59841497553768235,73040638051977694
95174192657518273,34693926503505146
71884168748332030,45893758293656968
36010753323876492,30666677399077101
60290712944175098,50990963152717573
73259759441057522,68188388892804733
20817879951106276,60691557448846141
60829294751180668,37351778928144246
70950180842308768,97879182168845756
14181738993023712,97218568577834848
43058900854953716,48680459387883162
73480093151887795,13076832009766136
70032736136184054,33716688160674908
67243591047759326,20579964693874541
14471592356031546,59388100421638172
69196589914876052,15027533833126833
45806554037599595,64948980323146094
83489520064202597,79836700365332699
90786290984698802,80462468050302390
77678864942918775,83596898359573219
86825902841692503,90554112335366652
40027659485223747,83318145496599282
29523820878611181,93832403364884744
66138121993232404,65292029358183356
48129410361769487,29155983566476900
97201958594735943,10894961290495106
62283260697627169,56786331648710244
84262999775301184,45114541445301802
27677881928769783,69175037198338915
88273463899657762,81510615761499997
83362244652686454,93399313263413412
23412042676466468,33023074635891473
89698649829067527,14611298664972414
60722646048417765,92132484569459851
12615090112502475,39993876649604120
84145440761155943,52641089158342278
30924035355338814,36417697745923460
19714510543345602,49040887017484745
57611615724926783,18643314735065681
22750031256503812,35572054560423171
39031402169211575,92612086425125819
82028554163708457,81299288637172867
76047617490055306,96182180975335856
99722673727413697,85055796971475678
56748419330689740,95763607623522742
77682630515563021,94137910967160801
79784210202131879,53582479039982705
97737936186544860,74997360308988893
29380662951965889,37744816208617611
84944993089387791,28164319980651711
99557613561992940,68611040441720044
22059952902613558,13598205221827656
85147375030355097,64156593618805627
70854679092191763,47372398047355671
17797225936456858,67956749156742716
44321866712999598,42244775342289687
53919989624835022,15237717931410280
46763745031365322,26544937866815973
68235936144380343,71219332444288547
47572440354985525,99912233187530499
86722961468929477,11174410026365501
31270430623200968,92546515949582774
47343365791609361,55905665953800423
25836116378787081,56215448091818544
98264891223488468,58990698756635509
73025957917720995,67096497586286369
59807814852277878,65622624293141338
77518615361059894,84442987598778942
87803875806393712,33441454335240733
40364592035209238,10055773671580500
77602368615561251,93044887921068262
94839189522133349,48975297800137553
63279822933457285,44932982096095039
69824085448341107,93558489491968063
16786722511916290,19382674590709667
94606076268039268,38389874281537940
84135646908211001,49917153694611683
83326140247246628,70594477736539868
23810995889047017,44774916479190456
86727169288373599,21495431673050274
48707018464387888,20279411513354973
41382216784958557,58408619439842768
20972077986213364,50819419140826415
38986139296081488,67102682347491913
78083365817404850,95695176527204121
96836131245088881,20791533862605847
31963905467887060,27340546264666685
23640267202313494,34149508697915379
15386096258705921,77844369358163186
18512902856622829,33882624304953999
61130213406966794,17446022978508196
61626480778531766,17533737094247554
41869642031271454,50510847538386178
72156971083185502,95258358870671268
57761551658513695,37269804337851567
54339911165963194,93498789432615754
72782827069863539,56806220124754212
95276239117997165,46479966055180488
47998264253114764,32957645921124566
34269774440253723,60856430256411268
