83675319834418542857639344332021379254327917655152,18381559004891684784298611864356157418280619628050
52235901997017773418742433054260919383690813404114,96448979899837379186424176358411218438626432773000
57776036656973403436841656238809768289627471459211,72377762147199646774386027586437843177283361785069
72855097239005678521952222716544394087484903513898,87310753618407925344541063858107015650152373740160
48831799245652990951986333315847184852806499525118,43348482519102104307874750350089266316189691281569
78320934227667392950486871136453822523960438712260,64949860280337927220927843982434393902508218040251
93201701683517584894474834073934828693536455060100,38197658825280664500548122359187215297924397263693
19748152406767157099345692089905179098922927093404,75981719163513149489526348135660840575734339467411
86127765526369141317811729064772970448696950131547,69477019451947844246400198725351822451703744836506
39485204783710068496179260995646208064419471720137,55518203843341412212079276822240021977259588447436
94504719474099351047349928892030204161046873295979,48447908462052790218028912192821834989606795678690
48898446278020816844539198380781730990013760059993,21306119500027545820364028113845788708064228661747
16725154451346292973510783325890132748150842745783,50805057758034879169137975293522449487098849324209
45217607468553425136914921985061251134365722513417,61608929490657889697101759758638706120303054884138
75391672139534572369136382910889948795352224519084,93196177034012875290631125499928155890896083353291
93304036718293743784041195157828076328976005836555,39648867007381733581725390959883200235515575670208
89219052963553249749285451007159265370663525345249,12509199287749375772243634745882759172619230855163
48660010472747489747140318717713559699934593623907,75862935540028357059895683412501315696856647920656
54002113062729892561966971149607083053381702081396,57850880629442461659158798986191728073027871165995
76239521842056987412865132135006787707041458591616,33592747646423273623067907761134608518721683259723
95378043789959920067812551172639162943632364100751,83506149282230362328940781349614268994639264250732
24086285143003471840809144071836647981749522194241,26918436349394732337319497541349956169767174763713
44579340935969952212152881258414257196576015161993,66714077131581158411886631724766131130658945332835
97088775437581702924764615961304899027317389629211,37735391911109709234152750677056183456093043607325
44154548048140164164284197266541133921992634079158,61881002774604811252774885470360069602373426092069
32249943402332339118813126429431297559999430898937,12644847182894714592820615604986369258637783986996
37653022984941973496791877054740215381567229245804,59061278029576342262472992646671820026472715317291
40126003557713530485952658439059506111429999144975,37300154446718815897861799769159252790905897879057
35295261181807245019615516718361986653518727805482,24948307052265218219651584970209843402983606394549
88714450782317335735603012177579669526992630917907,31033378532182802688485730671252844534879201767448
82674639317387374703275039218316527181377445940363,45655518747211637077522737315204288557161881564831
20241024732015239845233617126949446163790654089410,57757081969121074334484687156123103025413602512792
56823167356129835575536507447617291924735477713123,93323280927904221600170893221462751130486482953871
62945771199877393431680708865432817292952451136374,34114078940314788601382345116580993188323058257291
12667528573987404656284926314089614903520269767000,53287217077300770562964462509851583934367109131328
49645454222439784315388461552495686586018532882572,50452696228782527185024288669872101236326908461548
40160425726429875225696922140291713263938110621390,15081484215389133654608742857002684920616535141608
43378058892589852858681537678006812303176041402592,30039853855705535694805427824219214257611001572438
53099002555049830446811545313712280597454466803680,21770750074320484013829308755190936618941865909615
46950289262160670226901673898743418460987590828325,82748897949381216608596614066928389311191283478304
55909507299647918889971181341696780423141369311155,45742914426786174997933069737645858888152439719522
90720222055923931087432118844187128353152465375927,46537799867943642036359238879935902854099174971950
17094156589139642252052891827173431507720322935352,85966758967420667742382207613032248859294456912438
43849099569809161193088849630608096164977707973490,74104446903482893492921064315699636472611953041067
92838678180577496592848801904427944645716174240571,78325261238940471514934559628033530617788321950247
18457925583631880278889184542069907808247253397938,83260323517549692060158352791702888886091674634617
91904924863630964264888789120421433248041968139985,25319708634150863038954265391888659589017606662467
45461052096527852445098681517046253865433393109378,53905413592615370488820306193700280475912787377931
74470517626429889063177172538665305987484846161160,75158729521398144653779673192535836245104634883823
19670874320251239918851249091505368298628386842638,82009305323038037384761518746089387302060296725912
50114939374507998442835666910635607678972912638069,61232738213046149046732616207536653718551656668156
79915697061714899091878511412615304077012596132600,14944925188308085711901435047848516775203392958247
79596981581850406823966438002141803266921182937951,57682266734315487912368293406294533560067438911322
66134806361594440879906585068777918702792259537924,32065510380918780804483214818869383720254250056108
64904779031336120672491296870205229076818031559022,33818589610572030913326015532549980138214733376762
40636227146141153348405964118248266258411369582868,62141744193901872586132679061338091901836262791895
49230782541267111781968307457234048219708729735757,94195964951184513152424228875530550990450450376057
97145964998589025517513616624036885854390075395105,62840557857875793327719792508181677462926701765950
25337755422714878807548535344831877302212495344107,99473758720840924687836873569015780347269449573199
65018809560721125560064966461735491421704247627674,36081830358742419315062315169238832163028182139322
81459374573316393967573150675366651718987318244101,19356104556484613227436861651503621578757607801201
44529180405781973319939946155926484766591719693267,99788831624529260375119056289097716678838349392783
65008813605487825398011583502529048578644026243396,53184046014735617495337135275375812422413219817003
59462415434806306130294835612284270688911336886442,73133567884096576324531608934058009759856785394618
71263745403857770941605507928143517716897710093023,29542441073614035963069444432090710471002319811603
91264368950989286769385031841446069293532924869204,88603784693026416279356923088137276829279178740125
87548186122008946242944598046879839675720751298537,59049414169847811518912062569148995409393306945293
49241788102992006786624322566438452286601755610350,93888653632851800415181080351751585917747658342824
68553942864501939155484939218067320349377332046959,48016291681710995014787241397562438505219744469247
26678004376788091442090891971840035141166100206770,89086563391077698026214214240650884279310721273844
20413955245208125420911865435846448610508283403198,97990751995637788393922324865121224757240436307712
41264843226057557107947769836995829090993363131360,31824703489591232339925406520161851976067360894528
82877157056562852962000880979817960190549259753536,69871947850559416707750800002809001692622451207335
56907249157052037671022075497187446032265927489439,35526924162967276692447851050511963588967518531637
36747826456606730101152491219473897079613222034367,20103939185729057378135856031166659192665794558824
79252314195241627389974648833609127199178416094657,78644896784188969768910364945720812287493926567212
49371945543760310644250938333071724146221228234525,68364039141553362226321534785649282040350900428993
14416330428751710068012126259747326437015825209075,87576697670512611580993564185901355348869091763666
62577237647507451502811775712051551313590092629375,64481657385725980665157859354968570103368967597511
60112028687423157163668623797448097340631585812931,98686052451357970700843457749425933493922542649583
70403073772942938059942992293633852152064952792464,59660355063076174589603370603098437796614604934281
72472088816789194311373761905965286969518147741847,92947807368815874006274496793538798437993732066830
80148833179371113641360459919489825416822223009420,11993844511325214521248877550650535589843979977994
47336782870898955517797550562239602577199543261388,52217613485762457368212882242788888524975773430959
12654308466988186549673152040918762714266730191397,11563450328435037284842938123205583582328637251110
33082964406165218466836727436298235980843133858170,92015172750006859575883941398775896623583723664968
41536695727309374288992715331176873631448317972518,54767089530748843561538983218112045099617820898004
30251541715338044577297047224830529534148592273994,88890518588626032773527752855931518729166862335936
35526846557358646075963432143428186022527217735708,96146051506240903026656931299784739259221049276516
24886724335517349731234292396927076265962877960329,42683653883597006815712206051693190265451586827652
46641866045999525261359686628433182726773738910328,94442264904099768499210582955115567705122146714499
22904344436439237237588601852846704618219825997487,49332930159145065695341545234273192709259737077434
31807509349507434652741882246217154777880435027927,22589488040667722945431352532251366423359964407535
26853819682488306549685329355868157641682512821569,78618993315322982830776437690551869260192321813297
67347054876084765609917327818301248591261318776415,35519427297140130118581468802407474026295179395644
47630027646303030432823652879282035828975303650956,71968138901607207317322919474513333677407977175160
61451191181175922041065387171476140431099626318295,38315200947148975539660365665790529763684484508971
72086894939708369401260190458718106373440975336644,61683883960103161501717917190371249524214276160897
36708082742772999227952532016519302598888761899670,77273663995879565868054982839906807525100099645379
70459560448347747431529239710930896591715204960700,62763739301406069819580192268316122368476525596616
95135757791299870173527321086152372193644056176441,31777311708374941467101101928412820491306090545154
12931518062747342685380962462646600441423811561222,83617636913370639588720262555256137434631467476108
59829803089550357958368867781386242708034193247241,50143043255728272462485006099462868674653859837292
93621145708158923329293254831775416351605516311150,22200827416090473256041897435855159220398580497110
70412860141409847719059170247598245254220295653540,25641269150015323332531185676577409113545538304613
41704419070135931139189805266180025415620467563376,28332531312337393377215915287617307886106581890959
55839336469883171463382297317289736869682629373561,56890777069093097292607004051874088474672774228200
77398844505633352435778611862775612751920364509932,41313302845775214110259049215237988091993499590424
99411846046299838100182359437265847956348219912100,90925941270251506339127573223260649874484127687135
44341688526456119379635636844183165667597184251460,34858191936621156555689099560106331258931759928127
65447887978508910179656511726077743535866883014194,90439927010638221155289070581519441061100893581271
90651336640114991117682800912848551798689214551370,65065233895413994409157175647444082787785568903421
49402005491132024330780815846613555866174983799768,51784864992001173082267518343017077870559731985853
80656418424448782471206834162972081784552517967202,15044409978851324580021516539520458894994663692191
23035062489179024000912951958365705209416361673178,20642167904003104154899905303786750743542589553457
96832492964881008767525580559225565565563890137751,26856165696446915885722945891722570889486446966203
86858442276769629967693133498802648767306981534820,24405179593316468759885110755493656143837211274250
55534555281742609116036492226333059132371478557764,46524971873342817694570590250337348546717990204720
74086685697401388847150838528531387964848369360516,98113141194028525457870023149238308124056550690528
42026094003446600547783035678923518611555948587929,44843844062141673611941740493731439102588552120215
17120330810354377876582631089815297989311345635283,61577672073530177457926675995128119498511409591208
68415959767502047589286442780640206949001220648661,90983676077428095254053009767418015657445636363922
26707974872787068297766750183233700899564025343524,97924621767657588619682154199370423383118446758396
61997140167352537658809505354792803171588035189826,81551223866094640339209148274188345570019912225273
25560654348206104355147847655077289487311379054494,59782166605774383366734981822330972276514235677353
60648276907007853483018556760499255832852339989718,60234076474955648617490591549050725971038224670538
87725225242657847751603784890185731182366601743854,95444574749742940917294011800700736710996245729106
37834123180550836532417622370312620097280852186236,28756034044742675310613809907540957887819852600845
50021992507114776664525541866514723512565269139880,70642426507267749476010081252054843347596450221951
10896978088623466103500134166072112940477096467656,93296899124536003281072899553219337917615373077968
32733482317521001630866903381016881484767743099577,26645281628233143017736977336022929345979178588506
58908027662239294663932828334035441390834256297618,94065677481137570440996903337198922452047722542331
84777961317955139082314591485659720537818318398621,33113243913324220968823432660535398586865456743706
74594694214841088504209829860169551778804977915531,44303489189001054457807790006665482068259808413909
79782158369262921332191437080295177470184163560698,64882886047942577325799639457619220863501997812571
81454874255123160554221160302147190799215136229335,61706253147316628730586530457902356213359904624262
13614848282989828795944768872410535644026572429186,22760146440614854510842019667253194733372277487602
67153300229603086484292447922727965004722335124973,10756698915437435690925856559804852507379921907286
49908259029750143772160613977216022708767092855375,92427239381208432186666804938323297516356847052410
83643251610986595835513365999003176878524955236284,72130311795413472599480619733270390027113328384049
81068838673516279619043157708414241275251185884005,69879025511815649632138073829448392923722115940358
25369746484439083754506457833688153509719637771677,49234675341779473293137164454180887268742259182707
51971242930995750393734134020063882769047560158022,24542556298985363494148632988404809753508461253515
95637236940966398439623315243390873996730996823361,17076677440944832306588993648408352498333660600547
60466503513096613148783977767250641214797618962716,86944551002791461475969191952791223890467025493724
59914332583836062801248432802269626402429897050092,73253210295037985708426335619250313883801463932960
70427752952905738260665230083278473571472127003618,75635920573439085612127888338539479602690152188048
81349362286313170352329448970398183437015938756339,75494133210536107930855859746157571147655035397730
27128409101386440324708400118808504877007324109892,17761560156904876820751526967979977250616325557360
89641412943192455105471365902453399380612748001488,34817410355860420711119864625151945664301024147679
29668758877459118812685291032184583920824263821695,19481912577564319132573878374154988381885528850940
75061720154906450559235119970979823774528783335978,58804201205412106379619417158975391743428636548636
45262749185529077118293239417937105795134531398224,61719581821763391335002315401612383721456328381068
82632554649313520975037988996718811205192130077150,62122795529398384560257315171735899210600917040360
81551527186328321049285655968857290311559154234867,51843613413554433729179667685005898878702568495111
70716227189204557713646479982328576729648611939371,65333212110774039333530085349195980413419767216576
52962077135381094401961185051517284000488507857060,52960063348081631230232025030463193345899635527377
31351582601097076665682643419400500603940429530739,59923397218775439652146471785945074973269690663076
70931320952874234990254198382959053800837885737072,42289787166173855471981980251101608942637679198059
38240515263826254364704201061404347864243688352935,96242425151717682787823887685455626709291072365604
16710454061689666610584553896612768739022546995732,49001774034315768443603250978666264252270232906582
38078222888911074136515607829560635379775626538819,11162998810166674778654964644938380740834063061250
86344506571065811353741575601845212668472480775924,23442390849604312293157735416954306696065287729812
27370726195399236983101390735242523099870986740350,29780029460502860118098628824306480453230081622173
30676478862599588988257240905811446843918997466986,19583505726891866192510556138434869831932263706569
84909150158342109123754900746304870471330529938057,56546198069833630433306669259999544295745495844551
95651032809655270186301437612186265550270925333780,42735862455438765784034658876989541477534889420943
91333847777141133020069510586220588642256587575215,98734597663712433884753198482964658457619756011616
80400014228321894836880800272979960758347461532308,18003420754009328681007364991867722216520744493898
88679390605698651464248398495572424411599549376113,77974464409462477801118008660939094017762451355930
84379601073510932537318454957693573711116907505552,77292318262389994858577393492981401672145919734054
34125368284897322659277222717847526060865367034378,95905450919233274677856152485915566580074191735639
40953830458742179819776960682891259458853764180953,82805999358604834702722727957087880568417716091177
25211483394151884311307267285944220934817770230193,24304978869173768505166190629650409288178584582092
42805877453244107051144692848237935930877848935782,31369198339072133652818518433612263624214613567017
57311143393901400030658361903016470609535233282302,61580937720550509808556743991315685678417121379670
49663106655222715979509195404964000051463264747818,79097643531883693008535519936801412578316505751465
24301435403447973073354346857522258891479944138449,94398737765018322062077198786891902822201841758332
98779551102737524644021266187021105611536279866971,77264202487261019608034436675441557100221838365114
83267208737616609817512857998060938240954774531178,87199596598792515681838143902912437501724597772982
98165021441651105005818325317958965207284689870554,42341580306313069706911781489242569842261767310824
60929514102047786856496463366150198701431376830729,27985464694030635786648423632593172662978118484740
58742180730437896049079375207486873417928831626058,55587255364416116205474202399314752993000122170593
81900212376887229440863820089984640732776924253369,26651020492562447915491681850318404184362159226675
65797961145121814587112825033218638393370599874130,47693877071932391909120579050298881123681012519003
31578092867098427386573296526648329970783205048330,19630696648565903966753117957785295719178484803187
91907127382785481501678348496349279241901880494921,22456144111516827839573564047611976948215437080944
14116550558628422145701962162316056870048290506933,34015699270774082881871561290931593326171510164642
71061994900937372618252542654280989000009370008510,13016867755857771712228711602523934093272840934564
42501067259105113950459425168604803198502231755059,57341383585292142019552088900951800232576659036025
39922365565784308244439647821834896763348174035459,94113218956161412464803092182515838707805277054173
51867627909524847828014191009014022302329795716814,88913266723125230687869609286011183715964895494966
10814656347923251186094587134348836215826409741634,59306949220997054592741060996261239157979002714285
98431338435471052830613829735637508465958252484341,91166159175607081481119676113886531544427472916934
52581191814356383127693866796034445912038101060076,11565814529477058814539546428250888150164848132846
45390780925568518650538449350049738195312985008820,80182198048448534638145806685839027234329647615746
44940446366078680074184597991644323849342728192206,15910435285965932935713313593504047581882953187831
39050836117717295890946755070882384101356779368053,39816513902019720340042606291271435374099806848736
88677566332742032366660622671265448987201030185476,58392197977131412698839063481593934997813360009739
80101015963806453385208881124673673374500473940590,77402264467057039618993083725353188635704645500911
22840120832335016344577630013723071811811809864194,10059922547255678330107271826630678041812596283197
90915476310360762710562912935938475745298739364769,66370166627962294001804148808364923171072304345085
20580349758171198914467621277804471871386158246945,20644994891474393217435118365875835637241282955489
36607642993418319016517497665942839426137680400191,28525181391771028946943092616270783157254793751304
20373493834774415725187062606724151934274237896391,99326287026015464284394762588026204323421522556712
94418112273274515028799697489960596901457781119042,93073718667975689898989745039139119827130793095531
64166444943441633081553872610516542282805037190499,63801476833891562672123338318341579216781738351247
95168812501908112486443073129579793448091204053875,66459772128727368814318411929582864135549318295876
18970335621902390521226410151104540191760152741259,16238731119225219978361660683828742036061389737080
35494209584647341896297285280788394065283285326614,59801223359132194417993486403343556499629410573522
36992834459205632438908927329198231315397452502152,35306496593874134445306049101323306418398856099229
72825069583401400954894858062622873517934599505040,75636457651408297235854549809705105295403822633975
96048845436622839679710316021288067552142076431133,38117689098437810308064665914763473402404294342871
15081777700857293267033338187064926270228159595313,90071716484275887049760636752325795243762302189034
21313679042539420252679825164672287803519366341804,58905636137668390467811352597145071628333225337919
59345942056799182124690660337574798272963231342929,33851089966421340231698732698530149631227846578675
98554659243763362974740675663454777566729720190848,43265173080364720203995699067599335443980845637569
19542650622243761514118560461256346125797305752002,30615535372151527150593706051658788498345389084985
74828688262412985572563239817899314339964725832125,60499797844611505903854842197442955541685466115322
61304180707042645887315433487137105341035215842251,51449138434749395882401376190907702047714661725783
92285903871709768146844953900277784730207691971975,66062681077254089222333922088110767509762224104991
28578483677036922485303141494599771622239289777175,58045092719674451987590053468089912597591454190846
38988773588068976047854140750611167709826786367767,17512375939179509391253973898039673902984082454454
96329747021814277774241276452360950380128845825875,67721644248850169844591395950488302020454967485719
62144240847874845948596779733883782513790876409731,57254029825877497570645967798298610034078255613329
39800493357605737221420881534983344007275465121068,54116114173238331736593496789298547632406887217769
58296710201658530433498605326811163679071000102305,53887926183323146274508626047746028428639151435152
40097604971980461309017837362365126857985564085180,56166038620147357294164803021663453711546046513305
44788562674659921109659044876041327801984146956058,30873497195692952126268194814151650092915181175487
14190814836892858739272661738238248662220570213661,88508102177827783023828509377995003222091032906475
17939965267525111325919886139297825627664838675791,93653569658231478005076710405947371617322312030505
49456917397504287315076133785779252964897786811296,37482987408572720046750043906485885012364756712121
10742181589908495915502950099267553315393004593573,30639851721121735820605395448505895022674548667386
16267136368035775359116203022416130580615170714239,46260526749104850705102632202700539275728923189668
77507450142586305978015779516750925429708115301378,38872520558661871976686599681143640392387628981139
39446957079356991312650587154943785255979085168444,76621219686714520300668838048336703784956374321589
93167435549492663128975749121079070991808453192878,46540438008195416470350068470214744874816067764863
18708006271175325216635277398566714191135516071993,17228174684930027273980477756098484108918706146917
51271701078118826859259852936538962721430888250435,78435727518876450966254440405239399804829118415432
44016837345195807230171397110856611831397205645722,36850970799531199094203089720195040221209553094853
14402199612657178253413192634222151541682586244587,91274977124598631615045624342922066217348102775358
82928154271669300289655290154365826492114947741786,16671409587968512737059127567003424381429398954693
27079806288547977155928332274820190215930024684432,45962817641509797952715539360377629572269507803848
22125664007065668844321458378658485292356527883991,41671456132052320453317940271685289455062836591746
31191924582237701252354346137155700963335361561415,76456920152374040356911759327782717777133567955747
46873168112885198541000769426638274040974002206905,32175485621025023966931840801600155134173967943236
31876327714231419152245997915360310735397020756255,88019242510391714438110465447887015976282643420291
90040743953119136026025781652279511068370290333455,19906896266329801939224900356460702398137332150799
55515265620180851323918372778036261344071805346195,90670491079021913442556322801894512323935132998879
38354081086784056946167863898071796368401842879605,33817537237346039415792890187957280572237703348042
34991838026789871859814748110066201489078349257265,30093494326207183718988316516808109712198841960960
68315454511637596149283612906455521934109004588273,22474198928456778363078551838395851429193144453341
41569777533935389660975993580436225300438629252334,26587875854216959400926039167016109256230508551747
19503440464294917410711611405810935051721048290632,29465220768424020831957122153422341065269288896250
66955413048042771169871737306078631735046288872727,12488603158259188306998348841342180996809970809262
31095476115934279733575679426898626670080623816544,29236776404672073195631946248417764947234514462592
17633186730885728777457754796690672504722574052260,92709581137438453992788019111117604404921325902552
38168117701225404905977777208554374632414225670525,61694723835230526793969587226018271641944431037973
15014390757523316421919990770577230939760163673830,21421897364102056515253019017847525773534148906673
82734542084650598841347024200912748349092112289748,22434168337325106950045902124460798629402404291406
29668980968004009812624753810486990737509236658711,18021793850047099124589774077629161946169645504964
83127476641704318247975929496758206535579889185461,94239246302064261231342398075359600459039352723117
20714741644860142981815652567446151853137981691442,61932378990539967680260088946369065740662292792097
21290405744655144006155034186220879279054117530352,82531201614463817621163028798383838647578379742530
99399048561529810961162345161383915703662842903433,10397586906544818159950213475083172884448786277113
30215320178135937856537822791838235773645293942746,20710541913452055885981972612216694055690709918574
56318614997509627238381483861397719249130614242486,97413091237069946926194802729453636772897524008625
78346984711739564398465511990912819121052457848277,28206554672036740861591249850787398833510998298299
36631310432113914019456674695337616521332120985479,75302039577500009802791894436919593874792187119325
97931789538088948437023098710346236627987382779216,12452662032165376895231470979141572162186244488566
98503180403687671662910277083883851216180299969110,98128046211827550918548261166204250999992694705102
23558663865034807676154171519825617927383768935482,56129371328329778860399918543601970134114003528500
67598128455220915075462879019168366274366240494760,92168671017245785062576642491828863833363950314082
46455465170348363751293184128813157731116585107614,88928490576017466915199772514981039844453027040794
95715909152244084929645027380990136920683185180062,12653942739075606030149849268058921216473442739223
67721728075286943397130917390384531857801876065992,80510384744403679680020637166957781847138934236984
40487014752770695293648868075932844157821989908582,19773473584343246082387837609099447440651508440620
62750564984120469378019603162263924566530058858017,27131043650044239926988129972625337900737686424321
78039356471966245311368728560353711248006533615056,65338593874395126599627975066896612882117978870709
97309527676835433518738787742926362565531877158769,82559388959196695308164992798262636916841660684317
11284403318331394620696967131921482956689053866952,25657963510487938790629781512397325274838424536012
64650658796023801275228909134531493824585517607235,77669366859339065276571248792514315207719133283486
95430716278027896758582510988889225773797489755503,54412566969798442569290033709917184720157027267102
97296770220606883965318649965630605667112998132824,46407910702176963573756663404156074732865173607684
69924068294291964110392287826931027189877303455028,29984228886396563237791905266133802371717825391674
17321645420483727722990510906083935514225361835447,74562783484610150076625927691287460794389221567721
21787566040344391585916725506199132829154021351106,69653983971776017514562315441704373500822853041409
55322185916634077319485257551441322459124858066724,72486635474883589769616082863909717368671480076502
74480734295238603601965565290263226499210008768244,60387615009783845887593242469276793237452198759573
77909934404431624833014712287548020400029075009682,38202324844000380696926531167508036254380703345730
40421721479811752078640591045182496023387212175573,30991761441203794034735342718992556673320453248425
66427418023509523169788398674354680692255741911318,34873578370533708156575732261650312323374478082329
87678966544194114367693069429027639133952249930349,92596387314298603926853710527580320488998349060699
35616975828156747360261518971684705705216119764061,10638419824683390154343935257925933672488319321657
20540312812175246317750614869227982067938530944553,92067602806146932379818398528274691236563590050543
79347782316137182888780904367608627172490255483921,60327226094829447197039557896877856447404567070292
85642239050203515731460231893902723312094491485452,11698712203051849396123209495766019313466575827527
22184754988349085590591134640940312984802471704195,35572824519669274904231313949966137901206214991798
46884506478775012983206856731424357752138968030370,31194611134748978370821915414347881877414026677330
97320969994283054859417906765769395921876272010206,91205883114171244239922280865702211614494598909546
42929972975289142030900127702898065500181326104251,92831866920287421507053176840255670157993205417962
93776134245256644875860859803631204691402761063502,11551975986049101443408186593847930607037634607691
60912939159204515794373037148413644828237390552309,51120194191053714465988088236229184013789463543954
97821125363029081928519350378956389388181033569186,44242801099073386817359041549474606781124046000341
84726494661173462278480271722145488535778691333990,92710768321605649614948925895763848290646985379434
37124856859248844448012905283953438044158367248045,21731787290667284853307089152326096504362751106473
27746808234722315346605306763105236665450646417424,73695896730312871564359999901534361111391131236020
48965753847180842438201335814518154652072008314213,82309738116348187875207052416153287721670712788802
27164988887555747105014931560947478089047249602940,35998684553575222135313973233626492286446256343366
82966376022165766403350002295075891682735772640228,23958949064456279992270887446631126631994252530798
28100853670508646766848615259084920624412647048035,69291926626130882376800748889174888004485438603318
64049362998203151504983185318414231076337540983893,50553014969175656120312933052983395556357493222033
37978051379432117757175457460719940291776092089903,57800137220176206939615392904617258700919649791673
61403602137698473163186945042813615650606471772745,76759086161452309418477352570874074954181279894685
90329137673510062043436407271605563675484684611934,69709728362983096112591878550789256848318319611216
11652553342930874949315525108749912629683938527027,68158865690999471073102385141486759831425998728489
96248688108251638243934900229568865509340429170822,18505886043694973760702060833327706657131439430815
11650387412128464311366342532912063555048727738694,37384785020209918428243495092956239277300568431512
93712152358613589267644513768687970323515926939097,31171573239850755955761343319300921346810572469936
89929539655490251923851391337102296129697185798822,71774912654798574728102812551505871906494480725148
63518588513586876022538959810448255981346382430211,17506072359492746248543732538040798015966940964662
15993211164477702099314115034648991991587876384898,32395852353670899741171600417308646770397179113288
13977288303557111718664895328758269086289546939452,43735996972791087768964620380746248071602525959283
78475840552107678001780378028886762537683675130077,38570959778369343680882313138467533462714011474214
68106380763262632804942403081324281832220519930656,20451240748690603928490060834656622005184364669782
34081584016321446047433009033056374096879554260201,15342547436984317032798172397199942447718005731856
74406018768294787945114517720702434908304351347763,66002076410288485021518288875781866491502516697586
16467906802054692658126970353381699925268417940115,78570172235120448335569308250658456070148578116300
47783329985991584585393904552458743152122507558472,58142235322893493285974711504460262236728556960537
76630062787153652088910257649561183449978017826458,12596746153511711345353125054451410690744658981838
74409778340998290928250682778411191065554668835349,16971261569549805331515097642286930996736077131426
32724863047588344906724889611968410882002852706885,45971571662182119723725365301524372505604813197641
58517501254985085360142903116152456501497924019619,72214486444801268149933013910719533753020979374269
57837598591452543913706492030810775668631104493123,38005747490016731042967544178682445035794091918560
47484198970761438532636293351193432956382001382880,20161615283897888867489424362982724147937020198871
72592795832304982695773520346017508111119669963390,36459109695362938174812195736956325950803153818606
69048508646443198813105380756209736228644700529676,27841400720356663377996718189572271485030416281397
61746770456655048447722901081633540937025420026608,93625232523907869473549961448360899715572818326344
63815381842925967101460309896951385517517987365507,80503599192424497578425688605983965380973677201553
88909983388651490990617820650855947281661644851546,65215306079103059832927494211449151052729271836062
96934066613605637990504346419871688446731540631654,74207695284081388978361710535747498325955734549443
49537913493179896404813835039402748057760770424741,16295780488826767525971190641059821578029940204052
41633678606221362315567923490634937724074772645160,15732719524966755232859614444327060897035215249796
25496937405960810904220778838132374689956847023645,91017967237721814248022661517488814619672441696428
23963569560102648853248769977552436599743778704131,49533279334451148998352105505015223237639303777651
20921854022290347021237352638497825627802482846394,21916295100703686841086759553100797382058631602923
57864624205773935933797272914115638388750564745560,86428871915169793549873892551297666508592557274958
83247262376130683552538436544523168218262419193127,77139950423354040443231358657527544379810029856459
75880852493361464191248080417761470403595473117337,47392135482995359177004291128664048939396540522431
75351610775572795628429446923228339166346583061096,69903048362292392129710349398743821106404402438973
75041733058327379255182586438473153551057298418484,38848215596541666956739187988603439360239452891634
96635930383159131855081764911301126878321606038759,69683025776533452769355359818181354313103190995916
18141581999094409034569140863705708773723188047658,88153492125011615596548474379811329501043211444590
34737629836502125981655176157740514569811872635402,73508655646136125352191380480482224440877932475680
36499119691410897606648081470989905586427698132266,65898144718416986417496397164926721701999105838528
33983795352600027485996767979924760521849249642285,80795973174497658806261616999460288957180049945867
91552433663725423953918695103985818261381856087431,88608929183035151882805162003143580216211324551386
22008024357023531049600416166002252158094459418856,57167113482503429262364766082718282713909830313260
88579825823566643712753864610580712373595256082979,89034272665023190838115595951646503967877085511635
61998904208210764664937459790462649862917921415026,13327104607286404098470486804969898537324841589818
99428446721325097365313103018423682385930199031680,88919835877565473716796464336818127856698536384212
90650169385022712535646641682628149141700568963053,26918894860750215893010824968777053226478877907397
16584818232725953297587784541487331393703540255627,68120911401679761803527386123843170599205421679902
58089861342672219392338382942229890278965748270169,61846288766643674481086109331608100965335428055656
36363643278671832474173001967606141396090967743546,46972657481101581523792927778391297179260863230546
83711037743235076725483648083395233971174467708695,38163369266943808358466264257713606844955024269245
30459212037193759919019377036593717756066490834227,84879176833602829940421785953184689019251874229616
14477548830755107743633495304933656137993043515073,54386163853209057039710632382035937670368219173710
12101633324752156516454913753178206101417777244035,91113051900730559449869423719791572292293077939470
17777036813222846288234328744021163662848409129227,72901925080747673134414637663995183031905153636356
27228026038256663418830505475549472209433619828609,31528199303716112270722905337718190224958097194695
89691996423128585966400561642185720011148964784678,29392641989808208986800201515948804705004220905624
82256234499248288737176582549385009274624818057898,68694442305298100749634520928221933997177217933327
49492779365553272058380171362245025450129674051705,30838391581102547575947057209267935583789441448657
88226088156494506011338703186507920685316999806826,18543617658592276939538598207652156619545282930333
70114202507672222059881047911487838382308112344047,67907437615134884755325830518098439152131461950493
18089031868632130265751850697257647228605956125553,50701522806029044743797375517724000586857541011481
48198214041426524406048225728538185206377392525249,66605203861027668292210476575389251694555860703111
73998195550804594608562461119708102027329308448350,15831751602055066311147362032400343142802716835359
31032850762788636370220805626257794134748769659903,61355509241944786292642527164347866976475878136929
32637283914806327954831626679003356234399551478776,15172813242865621321192319606611676553568917815094
56703808058255291069896467823390975360767624019562,83917601533782566976992279354671026862490039071648
47137918531269605608161353301045249987507434306919,63353577713426375444892863737179708615876540025177
18203842894704314412052376124572488682226975161532,90243126794274402138416349172082905862284335606230
75397229325977664546786719440011533786227912734357,21506437204096285548034096798875870913781905981703
90705016231871032777640298364194274982064364815161,75221961160132128735788225172489664926952512733862
57572260409378141746372853827974963501590083705650,37241168976918286387880286177092941072141733423716
28369157761658142142815202406648701924173627666153,80367952268512307321207907525333006262541511337052
63345802545939505261514070275732252665386032627392,61138340418330616040412230173411373555978719719616
98664642527192951838469092523199641288641578560656,60107191165976539878008172415874776740602334302818
16884274199264727500899629471848589064209761877106,60062280848895455530976136681676058359996256228548
45037708543154732125528832869168787535019746531719,71572671271845016818572949712445510275989154441472
37258479675944446614760830021681948690946923181670,47399085859105709493620360429328796457976811986711
53919215774766352632598772776121991873234957589725,43397851305794438651288900056693674464088816646324
40282492677787152843846741495438156326787887256212,41206484793842815435364515951639984982336566571643
71952218101886792484063763328708005120902849800588,66756528139836219842986444354518724041598663255795
32331457920757701427585057996159806003841885813467,58683216059651305351579190050661400307122128084720
91455934715356488381269605800209461590023227496964,11879801285894138751397001902871886748613081337228
86910762427603380933508575283762214977603400712442,30048750813874555808775639559537494531117591168436
74269430916300516650804939364469882428355727045270,45034248179911818625207963643344925961257086371662
79141919861351557449982913008697854168670389424321,38196117479044218846225670251351616716603989490338
10276611733186738332243319283037033544556280795802,57501113866751785951615890759008556653657346002784
64453410258866108829973783209365387975458403388331,85967398950489308794747714137184389650283001425660
53532911999829388463003140550706317106366429820174,93839959569044749435342117904846876300037449965747
21882309737492028055737086712517650522281661907867,18686618521862802063547647883152252760879343667975
89153175487732024491971265851836690516800181089240,56099857926561941016587255732017103953642742770020
68544433635489324997186754210235052278094398829525,11957687520322732234494456079761255874645452428263
84192041417198156035894153652585813276949906450049,53147975981683174423881754232765999241371492200417
14104056542636332592655785979226118793580468568650,51190183865261830112173441564542800735046309312612
76318379894436628871955367278531866764770666065591,47317139622707351035173155900266447527578522722397
17142822348298682309544074853565188659624497146008,35992954117869275394153136946634310555756815717043
21219524469848697836586808168814966879021963575461,49754763724411502255074893409939560918703898840060
68674106552312762428257895896191492660551433258501,20927957367879932103688907445972963025930000054822
81321439601288939002641496244623021209192644402896,10861374583809662950112582295642292168786237246175
24884679312462122202092619899956140968910670607654,49738206170480020652294178398462718468242566785433
42828308034135034558435707028200592067223010077023,88919036159979617811613108378361931506128538059756
29601938739040780026706519845436460358440666691168,40940232653601033092714499549492862169445784988550
39180775463363853718850037024960935695200261143495,44909867942960562646109493348440764857510988390908
55234438473822230171815782888836231599496488743398,95171772102625380451484690041554789534919594214361
82875828433138389909010426959736198609704360374513,81375289023051215312931268296844472678520448995402
65889723009117499431649582180342443808484488596912,73671500722779012316175177768208607392277242174195
86028448292201284623941707070130638506349298960043,94572061628139068820916820959128673166554487450889
52222735170367249957806060261149090875136326607300,61045654508525580379087032631032317009010467518969
37050350186972768202673402377032560764909238751204,88234657784269781289722757535836694570546602965168
81529065251310426011878783688286484563737505707089,54359082417264351686256626167074901713747157642670
97347898058916981334316670694047435086596814672834,29495713657777669387568915628466484123298109726858
55256851512778014020687698950812470217736625984179,78274502131718828972532124502889972385477481005014
53210675426197633949782936724106682408198572931893,16511775542868739609370708451824281995708888428075
44341436327203448428045050403641200955695514370090,72106397717104284541729338128015652111320872868795
75983260533311195343241213498829298972546996937284,29542698054111466242695041172183828482134870555968
44942244172527685431116462441049937985809346859593,28177493958891782953264649792210782059550782653958
52095778326227627754807043407443211088368159860664,35314168511581331163861741965698697120948437609631
90488695945421617546075468359988170175654315741591,94826344837248947357789983820668879412768345885093
10713929832508911933770348272158284496230412770813,85229460851399877375803625578556072723730572561996
97397925389802580682376711651260456768635014901337,83050357791556695487352863482701355151627258449116
81385164574387102318557583959992406932324162557998,14729817274783330184673506333234252923548827936486
60977892660462710937887541247970526944528533387819,89956699683859497935055963615802713575491554963976
35386024446873874636104232009678806729802422459496,57248784024568465073107611558622313885376474472330
40995991645577482230112433064680712441978996185104,95838559408076538329240787444992048037885846139918
40417385576108942409955190626731945336003389490284,96693546282773635619296783775575746150103276154111
41246413282339561116491990872561747661392629463150,35205773554550642161997227736422719942002487293429
97509889837315428424789497914261119209812847173990,86820021782476477603001718967924356614999187937055
29577299212580186844444767307867281270450826526300,25443539930154615152189348669353175937433844666574
83486690678590808455934109217068359402574686141828,96271513323372604847966169371189659792856553560224
14431896134970357620771417758754973400122842034427,89912817143381714230337191729850459870224003543731
91172342954951776471771589803355277761044558220729,68646591926551133509592652195043296321637694889524
44235675171963090614662002497173096428391744993073,59630425384925978476302705905767496399927793497800
22931517844613931528613965384989060283318071664361,14799061286340286317380878384067081082575594159473
18763041914695007444241371412227191556674941634692,51115635964960494526395718920471459767227140898995
14319427426943654116953588494230637436435254182346,70534026401812681836589090763063379222022096812444
85807183022604340404620495209278031781623537750471,25509204655428312830781071670193348704702945545314
30768767029009668984793907146972931354664390491989,55721437978419836908216398354819115361949043640590
11139451675297514660968103744637748726454932267414,34705801282653585100843466725738663817465099572053
56761771124090583799374233341388558897453783971296,94363635556192001213726293646591353189111112928935
56436245115154631371652411594938031637730326819387,17661768298356656791619950332893696650552291750335
40362207966500112553804088532774845328534781543813,81983402666890792737609229774792811948530758900142
37590177593127069833562979326470589272869532005036,18241223226032077511366418568245037378446656950703
57534335798494052592616522248552008195146408211069,32638573632448232893218035739879901104333434035041
15410312858408568243575891923595201958912014716523,40314174282581320907882141631334330065192189512492
21762052632175188713474280272064259205966187926372,38398143430399146479626594942059742170755196396679
55734608311413502391540383568440793177471297018186,92237327121782102714803497920206620386375779416018
43140087403844890260853691839424752776079805258072,62779065889796752300559431725766901585504685139713
51712472210727929697001223640970185999624171980190,62018126591952303044550729097468499615943653963582
78646097718510419020055752159714711939981831227443,93745750512047453974799984032460263665134766999021
20423746606430775302964823092658430129490879199709,54744820622925075542011116187380339550923387733841
18602416201064834228385669727194254362187505364940,86264696328450279224243174670184142474698871266501
80270576215243149580678472747916489561362310948964,34119755706280540688106315456799457048601976577137
85884855333166356613863862583008666700896794051221,14983919004069973222993950161398775453295159071950
79978849369926807647405808972212364108351700201254,11898539810401536715064721040574851321425198555091
44016600081408542719950717677247112378562652737344,98205121173864235305256024904410031962632045238050
60584002003445028885743756010088877960575925023622,16422221942526870421032310884205848172246775186467
95609783994488698156059192144762916101599178881807,83597742629098581159775625383167662488624898626735
91030751730463530934669564022496892338667997527232,25443816933183126958808687679485245009983925417489
43751369970267097760547751038149412253832426569050,10975917371594351185243640684014273258332941737417
44792997794522880586699922324232881162111659191835,16867324336858187036153122070222701749096443809908
45748510429256415575498831953212767806309343128580,25648299908743165363760581353930219107561292188467
61867116761817626760800143175422679412090436147742,68695798467663074511723565087592212740647640538610
41641289698206338986074474838111827552989065241215,87242184547911708273648775002977948697162435876465
95198041598761215954391027756992570944490911956343,56173487612299601616846196938534893546825024033722
38246384091399920605412938887478508288554219443844,42580831177202332050044107154573591333254140429664
76615879175624893369642805758221806076150362473579,94148220418897075069540178558749754505662413777314
46576314381817549680716400491905546023504577711691,90786059018188790620778271995844932212488108941679
44182007645825837226177872608402301538507429808373,17214118558264641405121089121442935803865222848612
50864657917839150473304657220399822832235761519279,77798148452275928114111776964368476765748830212775
97880999738016432858201417497599233517196106101150,24005369070315944757887179445451929854173049409452
38945632833848984164385561434469455293401841743931,20952190083070157787778664273807551017761128287974
95525095332551073716874796470222568755993529425229,17389970194540492059806348129145009647972291951473
54904186849196418584734462328488966202824613792446,11132263267156968016436623517042041657275998011163
22357111728258809628224024863914965951808463024153,85775381991515288197234245488836423708947656335926
89905111547510962546532385391419602595975600540607,49195141658848314343168917744842375077435082269409
82019500194080609815182682297203774538579254137829,75471716657314015145672948886673808431158821669311
28240866290320343009251831721537357981583242466101,96555996464050155129718851534281262496193548472608
80114719954899076232204131509862752104336014282098,19698092294531519252467813911814921751463329745457
46269774784367093386617894189792866330633987232374,56954921792306775334999646373637418119792865237941
99135826041306127187498429677929240325753001242688,60385754036374501505872486153040073469973863089732
69859568959594528351240127942244784214090353002438,82777747193925873791339201298463809929081127595826
26364531015028244077517465059106164952009085870351,27210147334716421902412904294992147531206388667025
48382376853786143958088356001856296625795495174738,61504091314861456374945064888910263044505247976200
32174702831126741182900201936553281299690982804627,51009762854868724429029542668115779956564961023433
69123953033835139031695520362784763856430047771407,55305003306724256836021282630461504842983262172854
