20775,98974
77119,51395
91793,94068
86136,39590
98404,56434
28065,31126
64705,36483
74614,59419
20935,67955
29971,60974
98452,13123
44548,98416
55434,48128
75128,96363
63743,44559
12748,93208
46979,59224
26297,49929
21719,79885
38706,79889
96800,96660
30425,20765
12287,62268
34837,92081
75644,65290
46134,39056
80076,45718
37468,42526
81656,82246
59334,87462
32766,49729
97193,95388
66490,63840
60546,28480
72272,78173
30134,94137
27961,39405
33608,23921
55748,13439
40912,59502
11624,48092
30600,46281
54302,35378
93678,12768
57960,65406
54529,16963
42866,49844
46696,68833
90908,80218
39970,14453
18382,26228
96822,84137
40522,92542
41475,85898
79111,21481
19871,98435
10121,71689
91866,71430
34625,15172
32798,32911
16900,29451
94495,47271
31431,79609
83387,60020
18071,96273
29374,58605
72291,19153
26970,56473
49396,93354
97321,90617
51178,41277
20494,30483
57683,49756
54031,20053
76375,15656
62199,81020
23506,63445
22296,10202
50794,83906
10470,13805
23050,44824
86911,80273
67890,77475
61413,30488
72369,84053
55958,60158
83742,55628
61516,69922
65007,44410
56910,91045
45052,47827
24051,60180
61209,15186
86473,64727
12920,41147
79619,34401
63675,45003
58351,22561
83489,67333
17172,67196
18501,25364
92543,63804
59274,82343
18888,69462
94669,58195
36320,28932
47167,77711
88000,33150
37882,21052
20250,29623
89210,43312
17653,58711
84034,23916
58086,22171
27117,43282
74163,76699
15092,24911
71395,31679
96841,62506
76614,33343
54590,57238
25892,33351
75025,25083
60283,73579
88707,47593
45477,98918
85051,80957
43103,35520
68880,92614
93737,54916
84396,13347
93146,50814
48864,46061
11379,85707
63654,83787
51046,22302
69440,47896
93419,98892
77610,37020
37523,72095
33192,47269
49386,85699
42722,74691
30951,60537
59966,16581
19661,52322
10841,61984
44548,29504
41925,11276
27384,10581
88539,97636
22539,21530
28289,59520
85776,87676
19736,62130
13202,88438
65852,25222
76427,97995
74178,36172
59776,62942
28355,62223
93387,92927
30489,25142
80990,47767
12565,94916
80427,36693
21656,79176
96560,21537
30806,35816
72423,85917
76452,19030
90113,25101
57510,83807
84642,44897
84205,52228
16375,42946
46832,45705
77617,85233
98923,57505
79519,79037
41467,10233
84537,75717
72623,84077
10455,82625
22727,46863
98855,66636
99222,90959
13403,86503
61021,31448
72903,54232
62938,50828
69402,15438
24086,66070
75660,21499
18987,81708
61873,45823
53860,93461
37868,24758
66256,57525
51333,14657
53454,64673
50973,99312
35284,90866
26356,95384
31393,59126
98822,54413
40256,10576
78924,45305
28748,85553
80537,21353
61245,48532
93618,52507
75621,37827
64334,69082
22175,87144
18519,78509
60762,85834
91040,62252
80080,59793
43267,66860
89506,28976
52327,24656
10479,26065
75603,53739
84676,63642
40312,35751
24625,45193
99496,13040
15076,50614
43137,15547
27314,72791
40091,38726
44063,62457
39353,42561
47376,46560
96514,58586
80132,52283
60397,28073
68409,21442
41725,45210
34940,93600
33960,63879
96145,31720
72301,53165
47739,59706
14954,80000
83369,13345
78846,70716
98428,65343
70307,92755
97842,92713
80817,24977
48206,12609
89170,54429
25347,38876
57072,52127
10899,53248
55543,26839
32861,76177
54595,24836
25080,62417
90080,10515
40438,93772
98260,61491
63719,14167
14325,22476
45008,61881
78209,73161
13184,27119
16980,54405
31913,25129
52633,80326
89858,20445
75670,34276
38600,40340
51678,38145
20009,50010
25472,34892
12423,39391
16738,78755
26418,79165
17978,83358
51525,22710
48075,87537
22474,72342
70188,22389
99183,70584
27542,50450
46152,89903
24615,46478
55047,85263
90349,93890
24927,87202
82234,77326
98428,53701
72816,76174
44924,33793
56115,47972
54313,21138
96500,90239
57203,10861
94940,87734
83545,57724
88682,73357
24845,93613
30318,59354
78561,66630
34105,89033
78129,74184
82128,16836
41107,28843
62678,16697
77876,67585
40261,72952
77517,95533
68310,62161
39582,57893
26328,69940
73296,23499
64613,42259
25225,54491
33004,49226
73117,77853
93335,80607
71912,20873
21485,88594
34270,71042
83306,79682
56180,85227
32311,82732
84996,55229
47815,94690
88252,62971
80216,61162
71995,98086
25753,33217
83665,24637
13308,44517
54034,94496
40060,72505
71227,48078
11271,28910
28500,76473
10019,25997
59092,75216
39225,38515
39999,32229
12020,86652
90046,29103
27443,90135
15328,72189
36617,47819
38153,95023
95152,19706
41479,31622
69992,71382
40087,15727
59363,61295
83969,42709
48749,36313
23877,51070
86326,26228
77636,61918
50551,97960
10102,95075
48575,16017
76491,43234
57931,47109
15468,18494
93616,43024
78977,50399
94662,66698
17635,27783
74867,34927
67606,38665
69288,50285
94367,16433
36328,76613
88640,63052
94852,56247
84053,91202
95163,25146
28435,16720
63056,86023
25845,80926
53210,10566
83886,41159
25421,34832
41067,94400
72901,32280
19568,38588
29347,86001
12593,91346
15012,11886
39584,27381
78413,11549
55263,35459
18719,43277
43365,67529
33694,91192
37866,51242
44709,32357
73536,88636
99099,25157
99487,24090
25102,28038
43894,14422
30890,78061
90386,98674
85716,13209
30787,52210
22623,96878
82287,16590
14185,48183
98247,44359
55219,84148
17674,88584
20935,54578
53499,24678
56399,21650
62060,18439
79939,20609
28312,24303
83250,88703
35232,16144
72920,67486
42991,45524
69896,56055
64336,88762
51461,66092
50522,19996
66156,74505
25510,49291
29594,85420
55266,30378
57484,87996
79284,75416
26105,64109
49539,63361
95466,87303
53495,72339
61304,26054
83423,93689
16199,34796
28666,75959
77687,92866
93606,31997
70569,24808
41753,98982
57833,76607
12101,72306
78553,60597
38312,22431
76617,45902
67869,30203
48178,54606
78347,65484
83490,23035
42360,72005
54939,30438
97574,56070
91614,39342
48478,86239
88734,26028
31349,49378
78749,79382
69685,89714
74722,68749
11515,57172
86778,72144
52714,71669
91688,37837
86997,48803
71087,49920
21657,11599
48097,17520
94756,75010
69669,13825
67123,37423
29179,58861
98217,43092
27483,10153
43268,12370
11794,37563
69886,42050
74868,54360
50345,18456
44328,16700
17715,40229
97471,48647
20789,82130
39751,73331
27147,55506
69689,28001
28083,15751
94483,51411
50303,10915
59845,65779
32543,85090
75798,43087
