990367,278779
890335,402452
181482,238551
496839,865692
934431,291864
239666,822634
762310,931812
810002,740006
335757,400167
877345,350077
478669,877698
927700,361571
162137,611624
261022,314498
606433,580787
615131,118645
257452,869506
646881,814512
294174,600110
381883,902266
945564,431555
411166,124438
797879,941132
860868,536703
141912,879589
335234,900602
541464,544013
146914,820154
988817,220425
372217,291011
251008,851472
176349,614092
911512,597717
601439,286173
903962,757740
658160,442095
141844,517380
968695,987003
888297,886930
815827,145628
322311,829268
137002,891566
870871,818171
552937,537385
624135,945516
536565,527295
283540,944340
265420,694603
806308,393716
655117,606067
327154,190750
651554,757425
820968,168877
348680,120008
779199,909644
134228,514126
738119,995628
628382,846308
701682,175450
899429,971833
199936,733514
220603,153709
856056,322469
994417,555898
147751,461452
164862,842640
101825,371994
143478,349832
590993,983046
776573,802017
348613,698266
275361,526449
118520,770489
680079,669485
419254,929995
894069,381750
513591,307002
738639,264590
845263,649123
623517,804345
421097,958770
155557,414121
636769,485908
783326,885570
430803,678750
913321,962802
416872,933444
780557,451036
193244,380070
321061,964328
277418,708754
473538,248119
245831,680312
536188,549217
765372,273374
745054,391047
455773,427554
754662,407807
250844,679532
354088,153085
711768,485050
201443,440658
506788,409292
595058,237438
734021,739758
453477,832969
169097,704515
497880,779863
184870,498092
575155,621484
607953,878766
132233,913557
857145,496057
887716,907727
455131,210289
424537,129356
701657,252933
939966,830888
954600,856747
420033,487378
641273,619586
972819,234352
692037,943002
863017,167026
906014,633058
886891,320542
116398,336777
541234,185215
227128,995320
466218,373709
993113,194891
607350,514682
154354,136181
669759,746235
839126,796336
249144,714462
915152,795271
990012,518775
246111,977049
702010,410792
361536,592494
635525,177797
907572,815571
235612,817865
728235,498904
713933,559828
626542,738274
293700,705755
480101,896965
650129,890081
965674,169984
826432,232215
432957,731985
420779,410030
258991,371311
125391,577749
592608,745651
967812,161457
146038,679099
992306,565835
355707,144050
638547,442802
794886,957927
539153,618540
206554,590061
932650,975932
250564,473408
963644,583145
590816,870800
310145,287197
212520,402684
710519,666885
908088,361890
109721,387218
343224,494032
662982,249792
579039,257328
639610,403488
418613,497781
815098,362469
733655,922673
285796,798131
147884,457336
879350,818531
607639,236409
272459,516619
849982,991083
256191,719798
477242,106329
803991,237375
902389,986859
716583,104688
390994,691983
132833,539711
546517,911539
414380,116914
151768,730282
667800,257333
570891,420295
125204,887758
504117,402466
825644,647831
207524,518215
634314,878185
787519,883836
252383,211089
137381,828499
521505,473731
154095,790217
657570,104136
823760,266280
428329,278321
862179,761698
928557,329022
550188,689691
535414,150941
946631,781743
728227,547025
428002,293075
953874,505112
808271,164009
395995,671636
184710,826857
972267,771216
862200,331935
711981,528561
451216,307340
742785,920788
170325,628752
799046,619039
317472,152142
812835,614610
798413,147597
231193,347436
941311,145891
647579,112332
349374,177775
151339,645019
731621,920806
773802,349269
662006,746633
619326,762241
240284,887924
188435,500666
475758,986989
457327,125464
455623,842138
241492,458322
719048,787813
151881,740998
521772,880434
525359,666796
886869,785733
585419,313806
170428,826687
688164,941268
847881,741721
936083,178046
853678,995241
842123,463266
499641,718326
461930,440086
427645,816553
466869,521601
502640,980501
221923,118901
241463,704827
126264,704772
108300,876742
520843,839475
414632,993878
277786,514483
334278,685995
929507,171964
881754,619797
167807,284905
877678,792040
721017,428377
422252,411309
868380,844337
195438,744831
629026,863213
243337,592152
508149,613210
740192,808172
557071,978587
628354,493891
932572,670447
328429,308888
746891,107378
190961,411200
204666,817791
161291,861541
871801,450637
886740,933120
982044,342916
237823,464992
226940,102821
883252,775766
525567,811429
444436,530975
980228,280706
223159,553854
965234,922424
690908,732661
209654,256022
995254,571562
190353,412874
588967,120062
829080,867144
693634,823421
708824,743832
672137,924938
980858,433630
677384,993274
903963,737538
310320,297147
945951,244744
870093,437604
154703,696954
104060,973500
893185,112925
182399,715265
482213,988024
877931,120794
234972,958483
953933,106837
678336,498468
244677,492313
310909,981097
655027,558674
627053,885186
152525,877735
398729,748872
695286,916704
576826,600828
955151,687151
468547,695352
601384,471698
755268,599292
168448,319058
569570,629807
443255,222886
548595,360790
584589,133583
651645,510778
381416,600171
970857,470593
667388,551781
130963,434450
643215,453832
100296,524281
883515,785352
899606,781709
338319,348630
645037,381860
847681,430260
736330,979312
469984,104715
862343,818490
273570,963267
737682,535502
625793,474519
721507,119762
408257,709759
379511,916438
274888,881264
233145,633404
146300,914048
235747,117735
559307,752595
297131,464850
956558,196080
728751,664382
800653,209695
202445,875559
476195,591173
885606,490455
926394,779903
846320,765670
500792,571363
777931,437108
928457,705422
195678,845447
559727,663030
969164,342293
111691,792887
711294,685759
224073,264918
730752,541591
397442,428254
180203,114828
978729,277864
503816,350437
472352,702092
599499,143132
120544,796548
737319,811965
338301,882103
788282,222649
449452,782286
385148,364838
851244,392728
957074,429621
103109,945569
619206,987273
744538,103235
657278,841364
416670,542075
128770,548590
891960,829587
669980,108503
940666,725249
897413,569798
291286,354971
267131,696503
415014,644427
375139,600349
156295,349058
401821,426180
885774,503578
841559,199569
550254,762723
811680,856343
855981,850646
415976,560562
138346,299543
416116,405594
303675,782703
114482,899756
783418,193903
940963,326705
270594,635246
118664,659642
145459,653387
446375,383524
699493,777690
242874,291851
962748,375747
490249,137901
301269,528498
737496,379865
146142,277731
803280,433457
734361,861653
249179,658823
725802,567213
469153,103384
818578,472246
924169,733788
287534,503782
169478,404161
503597,239219
565715,349337
330267,878943
167143,955461
891512,707097
287176,273714
180065,460803
127885,195085
207576,835059
534564,675521
237765,860027
989816,874016
167582,995803
345434,941243
401773,948449
717698,551835
603980,495962
763832,505635
952464,219966
773912,310871
809331,211555
211725,678982
569996,917155
555524,718181
582208,307634
719761,580091
169352,984140
106231,840772
562308,767946
585036,344838
979188,746135
994398,141463
789304,407308
907774,813203
843440,302892
819473,246730
217266,430477
238186,467596
358109,492677
870686,178498
687100,156923
152289,284187
608959,642472
155556,326209
501006,462831
117906,944694
236547,715991
287173,390052
